$ 1 0.000005 10.20027730826997 50 5 43 5e-11
a 288 304 416 304 9 10 -10 1000000 0.24209245247392497 0.24209486120879145 100000
174 128 256 128 320 1 50000 0.005 CV
w 144 288 288 288 0
g 128 320 128 336 0 0
w 128 256 80 256 0
w 80 256 80 384 0
r 80 384 288 384 0 47000
w 288 320 288 384 0
r 288 384 416 384 0 47000
w 416 304 416 384 0
v -144 256 -64 256 0 1 40 2.5 2.5 0 0.5
g -144 256 -144 288 0 0
p 80 256 80 160 3 0 0
g 80 160 112 160 0 0
r 416 176 480 176 0 100000
r 416 208 480 208 0 100000
174 320 128 336 208 1 50000 0.9950000000000001 Mix
w 336 176 416 176 0
w 416 208 416 304 0
w 480 176 480 208 0
r 480 208 480 272 0 100000
g 480 272 480 320 0 0
R 320 128 320 80 0 0 40 12 0 0 0.5
g 320 224 320 256 0 0
a 560 224 640 224 9 10 -10 1000000 0.10029823424575164 0.10032451499449797 100000
w 480 208 560 208 0
w 560 240 560 272 0
w 560 272 640 272 0
162 704 208 704 272 2 default-led 1 0 0 0.01
w 640 224 672 224 0
w 672 224 672 208 0
w 672 208 704 208 0
162 704 272 704 320 2 default-led 1 0 0 0.01
w 640 272 640 320 0
w 640 320 704 320 0
r 704 320 704 384 0 2200
g 704 384 704 416 0 0
p 704 208 848 208 3 0 0
g 848 208 848 256 0 0
s -64 256 16 256 0 0 false
w 16 256 80 256 0
o 12 64 0 4354 5 0.1 0 1
o 37 64 0 4354 20 0.1 1 1
